SMESG000000294.1 TRAF3 285.0 233.5 77.6 14.4 25.8 339.0
SMESG000000302.1 TRAF6-like 120.4 101.7 81.9 2.6 4.3 245.0
SMESG000000371.1 TRAF6 107.3 90.3 7.9 6.3 8.0 0.0
SMESG000000372.1 TRAF2-like 38.5 30.6 3.6 20.7 64.3 0.0
SMESG000000393.1 TRAF3 197.7 188.5 22.9 7.2 11.1 2.7
SMESG000000411.1 TRAF3-like 202.6 201.3 56.0 18.7 34.6 5.8
SMESG000000421.1 TRAF6 95.4 98.6 25.8 0.8 1.1 4.2
SMESG000000493.1 TRAF3 229.2 190.7 13.2 4.5 5.3 5.1
SMESG000000502.1 TRAF6 26.2 18.3 3.3 2.2 1.4 76.2
SMESG000000514.1 TRAF3-like 106.3 82.3 8.4 4.7 4.6 0.4
SMESG000000527.1 TRAF2-like 91.7 62.6 8.7 4.2 9.7 40.8
SMESG000000559.1 TRAF6 395.8 385.4 94.0 15.6 26.6 404.6
SMESG000000563.1 TRAF2-like 447.0 400.3 170.5 30.2 50.4 418.8
SMESG000000571.1 TRAF3 319.1 267.4 67.5 45.8 66.7 166.0
SMESG000011003.1 TRAF3-like 27.7 15.5 6.9 4.2 7.2 2.4
SMESG000014712.1 TRAF3 32.1 16.1 3.9 7.1 4.4 34.7
SMESG000014828.1 TRAF3 203.3 93.0 5.3 3.7 5.7 1.7
SMESG000015001.1 TRAF6 65.6 39.8 3.8 5.0 10.2 19.0
SMESG000015860.1 TRAF3-like 105.8 95.1 15.7 8.6 17.7 93.7
SMESG000015894.1 TRAF3-like 252.0 200.1 72.3 7.8 11.0 296.3
SMESG000016032.1 TRAF6 197.6 142.8 62.2 3.7 5.7 2.9
SMESG000017419.1 TRAF3-like 587.7 638.3 10.5 9.8 7.4 34.5
SMESG000020851.1 TRAF6 592.8 476.8 316.7 21.4 26.2 0.0
SMESG000022612.1 TRAF3-like 297.6 175.7 26.0 6.6 10.8 81.5
SMESG000022619.1 TRAF3 183.8 148.7 53.1 18.8 20.9 233.5
SMESG000022640.1 TRAF2-like 54.1 44.2 6.0 8.8 9.9 233.3
SMESG000022665.1 TRAF2-like 89.2 59.4 14.2 11.8 14.5 311.6
SMESG000022691.1 TRAF3 31.8 22.3 10.9 20.8 30.0 268.4
SMESG000022696.1 TRAF6-like 73.5 65.5 5.3 3.8 3.8 116.1
SMESG000025926.1 TRAF1-like 68.7 42.3 6.0 0.9 1.0 9.4
SMESG000029692.1 TRAF3-like 2259.9 1460.4 462.4 3.5 3.9 0.0
SMESG000029699.1 TRAF6 51.3 34.8 5.2 10.9 15.2 11.6
SMESG000029703.1 TRAF6-A 43.7 46.5 3.8 15.1 26.5 0.3
SMESG000029738.1 TRAF6-like 254.7 186.7 72.0 18.7 29.2 0.0
SMESG000032715.1 TRAF1-like 160.5 136.6 72.4 11.7 11.4 375.1
SMESG000032755.1 TRAF6 45.8 37.8 17.0 30.8 41.2 86.6
SMESG000040257.1 TRAF3 136.2 103.9 52.0 29.8 30.3 13.2
SMESG000040301.1 TRAF3-like 134.6 116.4 49.9 33.1 44.6 616.9
SMESG000044161.1 TRAF3-like 586.7 632.2 10.3 7.9 5.7 0.0
SMESG000049503.1 TRAF3 31.7 22.1 7.7 1.1 1.0 59.0
SMESG000049567.1 TRAF3-like 75.5 59.9 15.4 11.5 16.7 176.9
SMESG000049614.1 TRAF6 56.0 48.4 7.2 7.1 10.2 0.0
SMESG000049621.1 TRAF5-like 90.1 68.7 32.6 10.7 15.3 8.5
SMESG000049647.1 TRAF3-like 13.3 8.5 2.9 3.0 4.6 3.3
SMESG000049663.1 TRAF6-A 118.2 84.6 27.7 6.5 9.1 0.0
SMESG000049676.1 TRAF3 57.5 49.7 11.9 4.5 6.6 0.0
SMESG000049683.1 TRAF3 56.7 45.7 15.9 3.0 3.8 6.2
SMESG000049688.1 TRAF3-like 108.1 83.5 5.0 7.1 9.0 2.8
SMESG000049695.1 TRAF2-like 30.6 23.6 2.6 15.5 20.0 0.0
SMESG000049739.1 TRAF3-like 67.4 52.7 33.6 31.0 44.1 336.2
SMESG000049740.1 TRAF3-like 50.5 40.1 19.5 4.0 3.8 0.0
SMESG000049745.1 TRAF3 45.5 35.6 20.0 6.7 8.8 0.0
SMESG000049767.1 TRAF3-like 155.7 124.0 90.3 8.9 12.7 2.1
SMESG000049772.1 TRAF2-like 61.0 51.0 34.1 10.2 15.7 4.3
SMESG000049805.1 TRAF3-like 31.8 21.7 4.5 1.0 1.4 0.0
SMESG000049806.1 TRAF2-like 31.3 22.2 4.4 1.7 1.8 335.7
SMESG000049812.1 TRAF6-like 106.1 92.1 6.2 8.0 8.4 171.2
SMESG000049832.1 TRAF6-like 54.1 38.0 4.9 2.5 2.7 164.6
SMESG000049844.1 TRAF3 54.9 40.9 5.6 1.5 1.8 55.6
SMESG000049847.1 TRAF3 42.3 31.0 5.5 1.4 0.8 42.6
SMESG000049895.1 TRAF3 75.3 58.3 26.0 9.4 15.5 11.9
SMESG000052641.1 TRAF2 2803.4 2452.3 2804.7 6.4 7.2 37.5
SMESG000065567.1 TRAF2-like 37.4 25.1 4.5 1.0 2.7 127.7
SMESG000065577.1 TRAF3-like 95.8 76.5 50.8 0.2 0.5 17.0
SMESG000065602.1 TRAF3-like 15.9 14.7 4.1 0.2 0.4 69.8
SMESG000065606.1 TRAF3 111.6 96.2 79.6 1.5 3.5 58.9
SMESG000065902.1 TRAF3 60.7 24.1 4.2 2.7 1.4 2.8
SMESG000067250.1 TRAF3-like 17.4 13.2 6.4 1.1 2.9 0.0
SMESG000070143.1 TRAF3 106.4 59.5 7.5 13.1 24.1 0.0
SMESG000070235.1 TRAF3 4.9 4.9 16.5 0.8 1.5 54.9
SMESG000070286.1 TRAF3-like 45.8 30.7 2.4 0.6 1.4 54.1
SMESG000072592.1 TRAF3 119.9 59.6 6.5 2.2 3.4 170.4
SMESG000072955.1 TRAF1-like 141.2 107.9 5.9 4.7 5.9 52.9
SMESG000079607.1 TRAF3 83.5 46.4 15.6 12.0 14.5 0.0